{
  "accuracy": 0.7575,
  "precision": 0.5595854922279793,
  "recall": 0.9,
  "f1_score": 0.6900958466453674,
  "roc_auc": 0.8773921130952381,
  "asymmetric_cost": 0.3625,
  "threshold": 0.49,
  "optimal_threshold": 0.49,
  "timestamp": "20260630_101726",
  "evaluation_date": "2026-06-30T10:17:26.289602"
}